2,1715740876.8877454
3,1715740876.888736
4,1715740876.888736
5,1715740876.888736
6,1715740876.8897378
7,1715740876.8897378
6,1715740877.8929884
7,1715740877.893988
8,1715740877.893988
9,1715740877.893988
10,1715740877.894988
11,1715740877.894988
6,1715740878.9033315
7,1715740878.9043813
8,1715740878.9043813
9,1715740878.9043813
10,1715740878.9043813
11,1715740878.9053783
6,1715740879.9104054
7,1715740879.9114208
8,1715740879.9114208
9,1715740879.9114208
10,1715740879.912404
11,1715740879.912404
6,1715740880.9196928
7,1715740880.9196928
8,1715740880.9196928
9,1715740880.9206915
10,1715740880.9206915
11,1715740880.9206915
10,1715740881.9247148
11,1715740881.9247148
12,1715740881.9257247
13,1715740881.9257247
14,1715740881.9262307
15,1715740881.9262307
11,1715740882.9284146
12,1715740882.9284146
13,1715740882.9284146
14,1715740882.9284146
15,1715740882.9284146
16,1715740882.9294088
11,1715740883.9364705
12,1715740883.9364705
13,1715740883.9364705
14,1715740883.9364705
15,1715740883.9379137
16,1715740883.9379137
13,1715740884.940539
14,1715740884.9414105
15,1715740884.9414105
16,1715740884.9414105
17,1715740884.9414105
18,1715740884.9414105
17,1715740885.9477828
18,1715740885.9477828
19,1715740885.9487832
20,1715740885.9487832
21,1715740885.9487832
22,1715740885.9487832
23,1715740886.9543288
24,1715740886.9553442
25,1715740886.9553442
26,1715740886.9553442
27,1715740886.9563403
28,1715740886.9563403
25,1715740887.959865
26,1715740887.960732
27,1715740887.960732
28,1715740887.960732
29,1715740887.960732
30,1715740887.960732
28,1715740888.9674776
29,1715740888.9674776
30,1715740888.968478
31,1715740888.968478
32,1715740888.968478
33,1715740888.9694788
39,1715740889.9743135
40,1715740889.9743135
41,1715740889.9743135
42,1715740889.9753141
43,1715740889.9753141
44,1715740889.9753141
46,1715740890.983706
47,1715740890.984704
48,1715740890.984704
49,1715740890.984704
50,1715740890.984704
51,1715740890.984704
52,1715740891.9886682
53,1715740891.98955
54,1715740891.98955
55,1715740891.98955
56,1715740891.9905746
57,1715740891.9905746
52,1715740892.9954984
53,1715740892.9954984
54,1715740892.9954984
55,1715740892.9964957
56,1715740892.9964957
57,1715740892.9964957
52,1715740893.9994066
53,1715740893.9994066
54,1715740894.0002236
55,1715740894.0002236
56,1715740894.0002236
57,1715740894.0002236
57,1715740895.0074058
58,1715740895.0074058
59,1715740895.0074058
60,1715740895.0074058
61,1715740895.0074058
62,1715740895.008409
59,1715740896.0117626
60,1715740896.012816
61,1715740896.012816
62,1715740896.012816
63,1715740896.0138018
64,1715740896.0138018
60,1715740897.019715
61,1715740897.0207226
62,1715740897.0207226
63,1715740897.0207226
64,1715740897.0207226
65,1715740897.0207226
62,1715740898.0271962
63,1715740898.0271962
64,1715740898.0271962
65,1715740898.028188
66,1715740898.028188
67,1715740898.028188
63,1715740899.0319052
64,1715740899.0319052
65,1715740899.0319052
66,1715740899.0329049
67,1715740899.0329049
68,1715740899.0329049
106,1715740900.0862546
107,1715740900.0862546
108,1715740900.0876317
109,1715740900.0876317
110,1715740900.0876317
111,1715740900.0876317
106,1715740901.0915487
107,1715740901.092557
108,1715740901.092557
109,1715740901.092557
110,1715740901.0935721
111,1715740901.0935721
109,1715740902.0997293
110,1715740902.1007411
111,1715740902.1007411
112,1715740902.1007411
113,1715740902.1007411
114,1715740902.1017368
118,1715740903.1184266
119,1715740903.1194286
120,1715740903.1194286
121,1715740903.1194286
122,1715740903.1204362
123,1715740903.1204362
129,1715740904.1386898
130,1715740904.1386898
131,1715740904.1386898
132,1715740904.1386898
133,1715740904.13969
134,1715740904.13969
145,1715740905.1585326
146,1715740905.1585326
147,1715740905.1585326
148,1715740905.1595316
149,1715740905.1595316
150,1715740905.1595316
145,1715740906.167663
146,1715740906.167663
147,1715740906.167663
148,1715740906.1686614
149,1715740906.1686614
150,1715740906.1686614
155,1715740907.177682
156,1715740907.177682
157,1715740907.177682
158,1715740907.177682
159,1715740907.1786852
160,1715740907.1786852
168,1715740908.1940646
169,1715740908.1940646
170,1715740908.1950617
171,1715740908.1950617
172,1715740908.1950617
173,1715740908.1950617
168,1715740909.2028832
169,1715740909.2028832
170,1715740909.2038753
171,1715740909.2038753
172,1715740909.2038753
173,1715740909.2038753
169,1715740910.2138822
170,1715740910.2140062
171,1715740910.2140062
172,1715740910.2140062
173,1715740910.2150288
174,1715740910.2150288
180,1715740911.2321022
181,1715740911.2331047
182,1715740911.2331047
183,1715740911.2331047
184,1715740911.2331047
185,1715740911.2331047
185,1715740912.2406864
186,1715740912.2416227
187,1715740912.2416227
188,1715740912.2416227
189,1715740912.24257
190,1715740912.24257
190,1715740913.246662
191,1715740913.247583
192,1715740913.247583
193,1715740913.247583
194,1715740913.247583
195,1715740913.247583
192,1715740914.2547376
193,1715740914.2556071
194,1715740914.2556071
195,1715740914.2556071
196,1715740914.2556071
197,1715740914.256608
195,1715740915.2606957
196,1715740915.2616343
197,1715740915.2616343
198,1715740915.2616343
199,1715740915.2616343
200,1715740915.2616343
202,1715740916.26762
203,1715740916.26762
204,1715740916.26762
205,1715740916.2686205
206,1715740916.2686205
207,1715740916.2686205
208,1715740917.275258
209,1715740917.2762666
210,1715740917.2762666
211,1715740917.2762666
212,1715740917.2762666
213,1715740917.2762666
208,1715740918.2828195
209,1715740918.2838333
210,1715740918.2838333
211,1715740918.2838333
212,1715740918.2838333
213,1715740918.2838333
208,1715740919.2897894
209,1715740919.2897894
210,1715740919.2897894
211,1715740919.2907922
212,1715740919.2907922
213,1715740919.2907922
213,1715740920.2993972
214,1715740920.2993972
215,1715740920.3003967
216,1715740920.3003967
217,1715740920.3003967
218,1715740920.3003967
214,1715740921.3046465
215,1715740921.3046465
216,1715740921.3056443
217,1715740921.3056443
218,1715740921.3056443
219,1715740921.3056443
216,1715740922.311871
217,1715740922.311871
218,1715740922.311871
219,1715740922.311871
220,1715740922.311871
221,1715740922.3128521
222,1715740923.316417
223,1715740923.316417
224,1715740923.316417
225,1715740923.3173563
226,1715740923.3173563
227,1715740923.3173563
230,1715740924.3281913
231,1715740924.3281913
232,1715740924.3281913
233,1715740924.3281913
234,1715740924.3291984
235,1715740924.3291984
237,1715740925.348271
238,1715740925.348271
239,1715740925.348271
240,1715740925.348271
241,1715740925.348271
242,1715740925.3492723
252,1715740926.3687289
253,1715740926.3687289
254,1715740926.3697517
255,1715740926.3697517
256,1715740926.3697517
257,1715740926.370752
259,1715740927.3903341
260,1715740927.3903341
261,1715740927.391206
262,1715740927.391206
263,1715740927.391206
264,1715740927.391206
266,1715740928.4075923
267,1715740928.4085946
268,1715740928.4085946
269,1715740928.4085946
270,1715740928.4085946
271,1715740928.4096103
278,1715740929.4284036
279,1715740929.429401
280,1715740929.429401
281,1715740929.429401
282,1715740929.429401
283,1715740929.429401
