1,1715770162.8985548
2,1715770162.9030743
3,1715770162.9030743
4,1715770162.9030743
5,1715770162.9030743
6,1715770162.9030743
7,1715770162.9030743
8,1715770162.9030743
9,1715770162.9030743
10,1715770162.9030743
11,1715770162.9030743
12,1715770162.9030743
13,1715770162.9030743
14,1715770162.9030743
15,1715770162.9030743
16,1715770162.9030743
17,1715770162.9030743
18,1715770162.9030743
19,1715770162.9030743
20,1715770162.9030743
21,1715770162.9030743
22,1715770162.9030743
23,1715770162.9030743
24,1715770162.9030743
25,1715770162.9085002
26,1715770163.9135525
27,1715770163.9135525
28,1715770163.9135525
29,1715770163.9135525
30,1715770163.9135525
31,1715770163.9135525
32,1715770164.9284394
33,1715770164.9284394
34,1715770164.9284394
35,1715770165.9387472
36,1715770165.9387472
37,1715770165.9387472
38,1715770165.9387472
39,1715770165.9387472
40,1715770165.9387472
41,1715770165.9387472
42,1715770165.9387472
43,1715770165.9387472
44,1715770165.9387472
45,1715770165.9387472
46,1715770166.9593043
47,1715770166.9593043
48,1715770166.9593043
49,1715770166.9593043
50,1715770167.9674785
51,1715770167.9674785
52,1715770168.9692173
53,1715770170.9845018
54,1715770170.9845018
55,1715770170.9845018
56,1715770170.9845018
57,1715770170.9845018
58,1715770170.9845018
59,1715770170.9845018
60,1715770170.9845018
61,1715770170.9845018
62,1715770170.9845018
63,1715770170.9845018
64,1715770170.9845018
65,1715770170.9845018
66,1715770170.9845018
67,1715770170.9845018
68,1715770170.9845018
69,1715770170.9845018
70,1715770170.9845018
71,1715770170.9845018
72,1715770170.9845018
73,1715770170.9845018
74,1715770170.9845018
75,1715770170.9845018
76,1715770170.9845018
77,1715770170.9845018
78,1715770170.9995131
79,1715770170.9995131
80,1715770171.0004983
81,1715770171.000558
82,1715770171.000558
83,1715770171.0017443
84,1715770171.0018435
85,1715770172.0158925
86,1715770172.0158925
87,1715770173.016479
88,1715770173.016479
89,1715770173.016479
90,1715770173.016479
91,1715770173.016479
92,1715770173.016479
93,1715770173.016479
94,1715770173.016479
95,1715770173.016479
96,1715770173.016479
97,1715770173.016479
98,1715770173.016479
99,1715770173.016479
100,1715770173.016479
101,1715770174.0293665
102,1715770174.0293665
103,1715770174.0293665
104,1715770175.029673
105,1715770175.029673
106,1715770175.029673
107,1715770175.029673
108,1715770176.0399861
109,1715770176.0410388
110,1715770176.0410388
111,1715770176.0410388
112,1715770176.0410388
113,1715770176.0410388
114,1715770176.042234
115,1715770176.042234
116,1715770177.0520558
117,1715770177.0520558
118,1715770177.0520558
119,1715770178.0542045
120,1715770179.0577507
121,1715770179.0577507
122,1715770179.0610363
123,1715770179.0611503
124,1715770179.0611503
125,1715770179.062716
126,1715770179.062716
127,1715770179.062716
128,1715770179.062716
129,1715770179.0643964
130,1715770179.0654204
131,1715770179.0654204
132,1715770179.0654204
133,1715770180.082336
134,1715770180.082336
135,1715770183.114905
136,1715770183.114905
137,1715770183.114905
138,1715770183.114905
139,1715770183.114905
140,1715770183.114905
141,1715770183.119334
142,1715770183.1196725
143,1715770183.1196725
144,1715770183.1196725
145,1715770184.1364794
146,1715770185.138743
147,1715770185.138743
148,1715770185.138743
149,1715770186.1524973
150,1715770186.1524973
151,1715770186.1524973
152,1715770186.1524973
153,1715770186.1524973
154,1715770186.1524973
155,1715770186.1524973
156,1715770186.1524973
157,1715770187.1644852
158,1715770189.1863186
159,1715770189.1863186
160,1715770189.1863186
161,1715770189.1863186
162,1715770189.1895387
163,1715770189.1895387
164,1715770189.1895387
165,1715770189.1895387
166,1715770189.1895387
167,1715770189.1923838
168,1715770189.1930647
169,1715770189.1941469
170,1715770189.1951058
171,1715770191.2168684
172,1715770191.2168684
173,1715770191.2168684
174,1715770191.221482
175,1715770191.221482
176,1715770192.237048
177,1715770192.237048
178,1715770192.237048
179,1715770192.237048
180,1715770193.2391486
181,1715770193.2391486
182,1715770193.2391486
183,1715770194.254113
184,1715770194.254113
185,1715770194.254113
186,1715770195.266823
187,1715770195.266823
188,1715770195.266823
189,1715770195.266823
190,1715770195.2695038
191,1715770195.2695038
192,1715770195.2706156
193,1715770195.2706156
194,1715770196.2776308
195,1715770196.2792804
196,1715770196.2792804
197,1715770196.2792804
198,1715770196.2792804
199,1715770196.2792804
200,1715770196.2792804
201,1715770196.2803817
202,1715770196.2803817
203,1715770196.2803817
204,1715770196.2803817
205,1715770196.2803817
206,1715770196.2818909
207,1715770196.2818909
208,1715770196.2818909
209,1715770197.2919908
210,1715770197.2919908
211,1715770197.2919908
212,1715770197.2919908
213,1715770197.2919908
214,1715770197.2919908
215,1715770197.2919908
216,1715770197.2919908
217,1715770197.2919908
218,1715770197.298167
219,1715770198.313407
220,1715770198.313407
221,1715770198.313407
222,1715770199.3209126
223,1715770199.3209126
224,1715770199.3209126
225,1715770199.3209126
226,1715770199.3209126
227,1715770200.3292007
228,1715770200.3292007
229,1715770200.3292007
230,1715770200.3292007
231,1715770200.3292007
232,1715770200.3292007
233,1715770200.3292007
234,1715770200.3292007
235,1715770200.3292007
236,1715770201.3450513
237,1715770201.3450513
238,1715770201.3450513
239,1715770202.3513765
240,1715770202.351934
241,1715770204.373075
242,1715770205.3890486
243,1715770205.3890486
244,1715770205.3890486
245,1715770205.3890486
246,1715770205.3890486
247,1715770205.3890486
248,1715770205.3890486
249,1715770205.3890486
250,1715770205.3890486
251,1715770205.3890486
252,1715770205.3890486
253,1715770205.3890486
254,1715770205.3890486
255,1715770205.3890486
256,1715770205.3890486
257,1715770205.3890486
258,1715770205.3890486
259,1715770205.3890486
260,1715770205.3890486
261,1715770205.3890486
262,1715770205.3890486
263,1715770205.3890486
264,1715770207.4259136
265,1715770207.4259136
266,1715770207.4259136
267,1715770207.4259136
268,1715770207.4259136
269,1715770207.4259136
270,1715770207.4259136
271,1715770208.43531
272,1715770208.43531
273,1715770208.43531
274,1715770208.43531
275,1715770208.43531
276,1715770208.43531
277,1715770208.43531
278,1715770209.4380112
279,1715770209.4380112
280,1715770209.4380112
281,1715770211.4609277
282,1715770211.4633482
283,1715770211.4639523
284,1715770211.4639523
285,1715770211.4639523
286,1715770211.4639523
287,1715770211.4639523
288,1715770212.4772973
289,1715770212.4772973
290,1715770212.4772973
291,1715770212.4772973
292,1715770212.4772973
293,1715770212.4772973
294,1715770213.4938207
295,1715770214.501361
296,1715770215.5027637
